03395868000126
05285270000100
07452963000175
07792543765
09261356000153
13785672000100
17250123000183
17657781000194
21181115000108
21706378000185
22796449000140
23234705000179
27094242000148
27363015000170
27489855000184
27595407000165
27930220000170
28140177000102
29236102000192
31332375000182
32663680000110
32747025000140
34263516000140
39226309000130
39717546000101
40142610000144
42452781000103
47306185000120
47767079000144
49994344000152
52426353000151
56938284000116
57887103000132
61215139000147
